55404
10138
32908
77077
11105
68119
20442
10035
63171
53713
21280
46249
11120
95817
29409
89520
94519
28233
78237
20415
33255
19105
38159
93755
45490
23269
75301
20460
21239
11690
46236
20265
10110
70813
74102
49504
10261
45277
98118
76164
77234
37236
80265
78733
38188
14211
20032
80932
63145
77271
89124
76155
78503
91308
33137
17127
11354
85207
84415
34236
19147
11373
28281
33910
78504
10158
92172
11423
21264
11233
93844
70831
55403
14202
33660
30332
20453
10160
10108
90016
23230
98194
80923
67202
11211
19122
11222
49546
19176
46206
14647
27604
50334
11366
75312
77208
60668
95811
20228
77280
14609
38118
67210
32872
85202
23452
60611
50330
95164
85048
80909
90078
46244
32208
44112
92112
80221
20018
72217
27117
10004
68182
76129
94257
37189
32804
27675
10163
73142
11228
27120
49530
11424
73103
37227
67276
15210
78721
94118
94287
20289
85717
98178
53204
87111
78762
27108
46226
92134
91331
94139
85208
15278
14651
38128
92147
78768
72223
32805
49502
46235
76102
70823
80936
78233
33257
20376
10465
11106
10282
91416
20026
60629
55480
23454
21284
73143
20319
98108
74104
70820
48268
94296
48215
45221
10273
64196
85041
23284
92190
11414
78234
28105
77012
95160
45223
91611
76198
91413
14613
72103
95819
28297
77091
53716
68134
37215
46209
37243
15232
77289
37232
11219
80271
87176
48233
67204
20027
77248
97228
84401
48206
91327
19160
21279
10109
11368
34237
20380
94524
28273
90808
80905
20043
84102
28213
27198
21215
10460
30310
39901
94298
37013
53701
76131
77027
27150
32217
10024
77066
92139
85712
21278
10454
43002
76179
70153
77058
72205
48207
85083
50359
73144
33655
10006
95121
89523
45441
60643
14638
46278
11231
93778
10075
10044
38150
32832
10474
89180
75356
48288
10470
92186
10040
50363
15231
80970
28275
70807
38107
92152
91616
53226
27102
78211
85035
90744
37204
11202
19188
32827
78246
43203
92174
56908
32241
45222
28287
44312
95172
93776
91617
10038
94666
92161
92507
38148
49560
80960
85076
14610
94120
75019
78228
29224
11354
27658
40218
50336
29414
92150
73179
10034
80977
11256
90054
10023
94108
92111
44313
90033
30385
72209
70814
11359
73097
77089
46228
92092
77315
85703
29204
17123
43613
20299
44110
77022
93650
73104
74136
76137
60670
23234
63118
14611
77277
45211
75342
44119
43205
45469
11694
95814
10475
10462
90095
97202
30303
11451
32258
98127
74128
27101
93729
12237
60618
11103
77297
44135
93390
30315
76136
23273
92072
28201
20451
60685
67205
90006
53213
94145
75253
19142
11001
70826
80949
94608
91325
85205
94602
10308
90058
14205
77061
94133
38122
77094
70177
20213
85751
85016
11225
91340
37228
10018
11236
80259
97296
50304
77011
29250
60684
85209
77219
53225
74135
14267
89152
11232
90230
10065
93793
93702
60612
53227
88905
20593
76181
90081
77036
20393
20235
77225
40213
78242
70157
10112
95816
90051
70825
75098
75336
37921
32207
93716
97232
23459
95120
28269
95820
63158
10011
97236
20233
76206
75209
10278
53224
10014
37922
75393
44325
67223
48205
75226
12220
27130
94158
77048
92103
92192
85006
32859
11214
78254
32835
73120
70802
73128
85036
73156
67230
92168
60691
92165
37115
23290
43016
84189
73101
60634
10303
28211
77204
43110
77073
84136
53263
77064
15279
75270
29601
31141
94285
77040
92503
45269
92107
44334
77060
78763
85054
70115
19193
29603
95138
60645
77243
14260
75249
78774
10458
77071
32814
15290
85726
89595
30380
23286
75214
10310
67218
17108
43272
23279
20548
46241
90074
14627
10153
95159
93707
20528
92159
94111
63110
11228
78258
60617
38167
94119
28262
20075
10469
11359
90057
74114
20041
33661
20080
14203
77031
19118
77221
90834
37222
55487
10028
92154
20521
85216
21201
55460
92039
37928
78201
60673
45233
94283
10453
17177
53211
90049
64158
45274
18104
43223
45238
19183
77001
73126
87184
95155
18105
27606
60641
85053
11415
44113
29219
60636
84122
27624
45296
75230
10156
34985
85045
32819
20050
20391
30357
85705
17104
44372
84133
90832
37209
68180
40118
21285
10302
91401
20202
85085
21273
20472
77229
19129
85745
20425
95115
90831
89101
10009
87151
77261
23222
94611
68183
44127
19107
85738
74145
74159
91409
50362
75355
78112
85353
50308
50315
77203
53782
23219
98177
63116
72201
90066
20038
72221
78718
10002
75381
46253
27609
38113
11106
20559
38125
45419
37995
27113
78280
33694
23466
98181
15253
15206
10028
10017
77002
43212
73189
92692
64165
49518
76101
48209
94607
45216
74171
10006
29217
84134
60666
77055
80924
32245
84151
64117
77274
23276
73078
48201
78760
53222
44301
11223
11232
70174
33904
29424
45417
94229
91335
89512
11432
64102
85070
85009
27611
87158
23227
80217
37205
78294
70175
94110
55467
32255
19153
75382
50333
29222
94123
93771
29602
10026
94518
89513
19155
95008
20542
20585
93706
89107
20064
64111
15250
92093
78710
77202
31146
70161
94239
92115
20024
49508
78702
12243
76134
70182
90005
11230
80950
20470
10203
91334
91603
75252
38117
45214
63111
92163
75359
15264
23278
70181
92198
10168
75360
90293
50311
84201
50981
91405
91330
77546
84152
10105
14218
53202
91303
40209
73148
64123
10212
45428
20408
12233
23232
91601
94521
10466
94705
37909
84143
78705
43620
43204
94177
11419
84244
28215
78288
91496
37950
92131
38168
68122
89519
15277
44105
76116
32807
85254
32907
15268
85713
37929
84148
77209
23298
10035
60628
10080
20042
43603
73107
92014
85211
70895
20073
80912
11241
19131
80219
29214
55419
78617
33623
63143
98126
20527
21287
55430
17110
33152
20571
19135
32212
20402
38184
78210
98129
80919
10162
78778
68139
94250
28271
78758
33637
70141
20056
20580
37240
32854
10456
60678
77024
17102
27613
73129
32244
73154
55455
92109
91615
70176
60674
89108
94659
94237
75242
10454
20250
75238
78724
43217
20434
45204
74117
78225
77290
64141
12226
38190
77235
94164
20424
43213
53278
43068
75237
10265
10123
94109
94299
56999
56904
29422
85004
97214
11239
19162
95124
92132
28243
15120
76123
75204
10467
23223
90847
27603
77003
48217
93313
98109
92517
32234
10177
75379
43109
33299
95013
23457
93744
77230
85023
91392
12207
91407
20006
53233
10468
53288
91410
20003
77019
78203
94230
11425
78766
53779
20207
33116
87114
30325
80291
64108
10271
76162
38132
23249
20418
92122
38114
90853
23456
29455
46242
45239
11416
91606
53714
11231
76006
77069
43609
50983
10151
70150
28222
64136
43656
80939
70884
75225
38109
87109
94291
44328
50393
95136
70189
50301
19146
80205
76262
77098
98170
38145
78289
37220
45270
14264
89130
40220
95133
21206
84601
75210
15221
85082
43623
19137
30318
32224
73049
32228
53706
64147
21225
33138
20599
10101
76105
11213
10012
10280
73155
63188
84158
10164
46229
29228
75182
37224
75370
10307
78772
44199
48239
91618
93765
10037
11375
80264
70167
20523
70816
67209
77079
64171
17140
10119
93715
97217
75240
94274
28229
10033
28289
46203
94660
11206
87181
88901
20220
90035
78250
64101
64164
43224
19102
92120
72215
45409
80210
53216
27617
11434
19144
45264
10030
77042
92116
94105
48232
10131
10285
20398
37250
94244
76185
78249
90083
60632
33102
85715
95128
80962
43234
11435
77345
85018
50320
37241
78230
10003
90803
85087
40245
40214
33685
60621
73196
19136
14646
92124
43209
20422
56998
55410
33622
72212
87190
43666
75374
20566
30319
95835
95111
84104
14692
33616
19152
11362
19141
73127
28232
73099
44111
95150
30358
91305
31106
46247
80916
50328
68117
75218
10019
91394
70184
10022
68104
19195
20551
85065
56967
78779
77074
43226
53214
18102
11433
75263
40216
94240
68145
32811
30388
95818
78293
93301
77080
95828
19134
70160
21210
45406
68179
27612
10256
92690
80238
23274
75207
92516
29201
29207
27629
27627
93711
74141
60608
37919
68105
85073
89116
32906
64199
27616
55417
11374
19114
98175
60694
20238
89533
97253
28247
33610
78270
92182
45424
56944
64168
77007
60693
91307
64146
45235
11373
11217
80220
70122
10005
98145
77025
21251
76115
90099
10025
19120
32897
40228
20463
14231
38136
40207
73134
64110
60661
80237
11204
20068
93387
29612
74156
92038
38151
85040
33602
44192
38108
46201
60651
97204
75221
60696
60623
84180
10039
20374
89104
40258
23221
95834
12224
70162
48234
30317
19019
11432
85066
67219
10036
50980
33197
97266
53726
76053
43604
90001
32891
15226
98122
55415
48226
46211
63197
20017
46255
33606
75211
10033
53704
38187
89185
78759
95853
80231
10176
27656
94620
94103
20504
27105
11430
78744
53784
76120
33677
15252
84404
92175
10172
21235
46283
85019
20541
77237
28272
78207
10259
74132
75228
44308
85710
20218
80947
20435
34232
90024
78783
56933
20310
85725
32229
95191
95122
90077
33674
12239
89153
93309
46222
28256
14269
29220
67278
19099
11691
97216
63156
92037
78742
91396
20016
94606
53208
76052
11209
80273
20020
92691
10462
72206
14263
92177
29215
98174
10034
11226
75251
27109
92027
76210
20065
77222
53778
72255
78244
85383
97233
95821
73151
87199
12227
28254
43240
53719
90020
50982
94131
43682
64132
84602
19132
92119
43017
60637
90835
32260
60827
92101
98195
78298
10023
10305
78769
60644
37933
92114
20049
90061
20355
20070
67211
40222
94277
28212
44194
92143
95161
15230
21226
70896
44305
11211
34983
80224
21233
73136
48260
45225
20505
68103
98101
77346
37544
89507
93726
32839
78712
75371
20560
20390
27650
80266
27127
32861
38177
64121
19175
14212
20241
15251
90734
75265
94235
94160
10471
20277
10090
30311
78235
32202
10309
92167
95148
20091
68154
95112
94209
85748
80216
77082
37918
93791
78259
85707
11411
11367
76113
80274
76204
95832
21297
11691
64128
63182
87119
90814
12203
55470
80907
43270
10154
20508
29205
77411
33680
89570
10024
12230
33261
77054
90822
63139
44104
10037
27610
20412
89138
11436
46183
37221
11212
33296
11208
29492
17121
94151
21214
20047
77224
20053
63164
17120
90043
11694
68152
11104
80248
29147
94141
76130
29412
20262
53788
12225
85709
68110
19181
97210
44317
11357
74126
43652
77489
80223
43612
11366
78205
20254
90733
20416
32862
87195
28130
95170
92140
50396
33629
10124
60647
38137
20389
95196
30309
28134
94263
95123
73084
60680
85005
60688
21213
45404
28258
55406
98113
72219
10451
90062
23451
14602
92102
75275
89137
28204
10470
28284
14612
60681
92501
94122
12248
98161
91356
70873
64999
78745
20546
14208
85028
20215
53228
70183
91329
76203
77266
75264
90021
92506
84103
12246
19112
19092
78278
10249
43026
33231
37138
94234
43606
84150
90002
87110
64116
40027
80208
90189
45213
93717
77258
60602
33238
40211
21216
78223
48203
90805
11201
77201
33265
48210
33109
46262
70126
50329
60675
92166
50392
74110
50364
37238
20447
60640
10016
87106
48272
20082
87123
11365
14621
68108
34276
98191
10304
10036
43231
43266
23453
93305
60616
12232
76110
11435
14604
11361
37217
10117
76163
20350
20022
50306
45422
73163
10313
19184
46207
10274
43615
64167
30302
93794
31131
94121
14206
75201
70805
10001
11421
43220
64139
92179
73169
11203
28203
90296
84112
95151
33650
74187
91304
63199
94248
38124
73164
70837
32201
77092
53290
48235
75395
91610
94127
32220
92117
12209
94125
12228
33604
70139
45230
37208
20388
63180
44198
11358
28244
89143
29227
49501
33608
20242
74112
78220
77217
46256
77504
37229
12238
85060
68112
11218
29607
74103
43271
89151
77085
43218
91316
10455
44190
44109
91470
77269
20030
10065
10166
53223
74137
74101
90086
12210
21203
32256
27628
28241
80263
97209
20403
33129
12206
84145
73137
55473
20426
28285
33119
74129
37211
77047
45262
18109
74857
64125
32236
55412
29229
85003
94208
32824
80262
77226
85021
78704
27621
75260
11363
75231
78651
80243
85716
94112
20010
64188
11405
33243
19104
19103
11420
10242
11005
70165
97240
34230
43236
89106
85043
12204
45413
19172
33139
77207
33673
10103
94290
11205
14272
37930
67275
45205
63160
43230
64120
97239
73141
73165
30392
11412
10111
10107
75339
20421
10473
28255
43654
94293
74121
20081
28202
94288
85308
48267
75277
70190
33151
94203
45250
23173
33144
78240
21281
32237
10463
76195
50381
74015
20440
63108
63106
77099
50312
27157
95826
77052
21223
67213
97250
28221
33688
10118
43287
46285
67212
14273
33609
53218
78260
33239
30314
20007
53786
73139
33188
10129
43657
94520
85210
33142
11427
20039
80294
10010
90210
90014
77252
50947
78731
48208
75222
73301
10174
53717
85025
77013
95110
78799
76103
78741
20224
10150
23220
10002
84407
14617
11217
30301
10453
27040
97290
45253
10018
76040
77028
20303
90292
90064
98165
75244
90067
10461
23467
43699
55483
28296
78714
89114
56972
94256
45402
78227
74108
85215
75315
77017
33135
11226
70808
75227
38161
85711
32226
20301
75232
45410
91608
78212
14215
14216
75202
20260
64187
77072
19111
45208
89164
10019
85756
12234
64130
20433
80202
30378
85212
32239
15265
85011
73140
97227
75354
97242
10452
15216
32806
93714
85723
33256
76208
97211
14694
37917
11362
72295
28299
14605
93727
74192
10132
12231
53274
38197
73135
77223
20314
32210
37915
89504
70163
98185
70836
60615
20204
90088
91404
27104
60701
94269
77240
55416
20581
32803
33149
77262
10122
10199
29210
63101
20537
10012
45258
45414
10463
12222
27699
85067
93740
63155
14620
33101
33662
73146
70154
70801
28246
10452
11243
80211
56950
87101
63157
43211
95823
11225
30394
84139
34987
34988
70114
15282
76209
19115
64114
77238
33611
29407
50367
31150
20004
15242
53715
10457
12255
94262
60619
64144
53707
77004
11247
85719
45217
76197
48275
85013
43268
70186
78505
32250
32218
11423
21288
68176
91402
20591
45202
46259
78216
78715
10055
20509
90833
85080
60690
29209
29240
46227
20394
95822
46251
11220
70170
77241
56902
77292
73124
89110
33612
75206
10013
94613
91495
85714
38116
80937
50380
19244
80222
72222
77068
75391
63179
23285
90042
19110
90084
43635
37501
75267
97221
11422
94211
38127
77070
74105
20526
49599
48243
64151
75284
70118
77018
70116
37218
15234
15262
14209
55405
20370
93709
85307
85069
10155
90015
23282
53777
15205
91337
77015
94621
11356
97254
89503
76117
10458
93311
75243
75357
90019
45475
80921
93703
20392
20594
11004
95867
32247
15254
10213
11364
10115
94130
78751
20015
85015
20008
64192
78239
11218
60695
77291
94142
97292
33605
46298
68116
11693
80256
94129
38106
78765
23218
77050
17101
11371
77228
74106
53209
94615
19101
10269
93722
90848
92197
10022
12241
29614
21202
19109
23225
21289
11365
46113
89102
43667
94117
56945
78708
78222
92508
10045
20413
90089
20261
94618
15272
74149
20222
32225
20239
90048
85061
84101
78251
12247
20534
11221
77083
85026
20533
21263
10020
80293
38120
64129
93710
53212
77205
21218
20405
78747
45206
92505
80014
40291
50314
76104
78728
12205
27697
11421
29226
91365
34953
73147
94610
76161
27625
63195
70145
14241
95852
46220
89144
84105
30326
60697
74186
97256
55474
95037
77263
27107
85044
56935
33145
11697
94137
73008
77268
45263
33686
77033
93701
11203
19106
85046
80299
11358
94612
90093
53783
85277
87104
92130
10027
27698
38181
10473
92171
78279
95825
75087
80218
11238
20468
91604
93304
87103
31119
98124
19179
15257
33127
27115
77450
29202
48227
76111
20539
11105
28223
98114
73344
20469
11356
23242
20590
76193
11215
84114
38194
15240
78754
64197
95126
14213
75203
77236
20066
72214
28226
44102
64133
90059
80995
78204
92110
92106
76259
12212
93705
30377
85007
44188
49505
20036
73105
43260
11414
91482
29211
17106
94605
10157
44310
89515
20057
84144
44316
32211
94271
32853
43215
94163
78269
73184
30362
37216
64138
43611
73132
44314
43601
32223
70835
20501
23288
75287
84115
78252
92562
10311
77045
19177
20429
20058
64191
75320
80246
11695
10456
90030
40219
90844
27634
85078
78208
31107
87196
33128
49588
94624
78767
94527
98199
74119
20252
93779
77215
46234
78219
75216
90248
12236
70892
75247
30331
44304
77016
89555
90018
11004
90065
32205
75373
70148
33914
12257
33153
27608
32857
38152
76135
15224
38103
48222
77063
10075
68127
90055
37080
93708
78735
70803
46202
84403
73112
11238
10113
73153
89501
94115
10258
72225
14222
29610
43222
94289
98136
45212
43605
91346
74157
76114
78746
45207
53259
75236
30324
73113
73123
20428
73159
77338
67216
10459
89508
77206
91406
45267
19145
15222
74107
77449
77009
28219
19124
91311
45299
60677
20553
10011
48266
50317
19138
10102
38163
38173
45435
91423
77284
29225
29216
75254
29413
46254
20052
91344
80244
38166
70178
45420
91357
92128
84147
94649
76127
60638
90710
23261
44144
20555
28205
48238
48278
33633
89505
11221
19126
75088
29206
10104
94259
95813
80261
90009
75368
38174
10276
94258
73195
20588
94261
21282
11367
20203
67207
19194
10475
78257
85020
87115
87125
27661
53793
87185
98106
89521
85747
33689
20395
53703
10031
19143
77212
90842
28231
44115
70811
20223
75051
10128
10467
78723
28214
33133
11415
89134
78703
15219
37234
50339
30321
48255
45232
76107
20029
80901
20529
11224
50936
68111
98111
11209
10312
94295
15261
98102
11222
92108
90063
32867
85012
90025
38133
10471
33603
27155
77299
84111
12249
20575
40059
27622
87194
20221
97220
97252
32277
92196
94601
21224
10014
14652
11219
85072
53790
74170
85074
21275
37027
44103
75326
15283
85071
73178
60657
95173
10301
91309
94126
77084
93718
10040
29605
94245
78757
97286
74130
33192
28280
74116
37927
77255
92145
30353
28237
20549
68198
37902
20074
48277
78023
10069
80941
10031
29212
11109
12245
93307
63177
37212
60707
20544
17105
27620
10281
78716
60610
20441
10306
30398
30375
11213
64148
50360
77287
77046
48279
33126
20573
64131
70819
17107
90047
20554
32860
92195
44120
20419
10464
30308
89158
85001
37235
33266
95117
14207
78752
27619
20511
10041
18103
63150
77407
60653
85029
20060
77242
89195
64166
17103
95101
63167
10159
10128
50305
70874
15255
80925
74148
32203
91367
15260
98121
45201
20040
95132
85031
15281
10167
11697
11370
90011
78709
92504
33150
15204
15258
43081
85203
20217
46218
37996
28210
27605
29606
70187
91393
85701
98154
11429
55411
77272
97294
43608
21207
10032
94609
50335
23297
10001
48204
45271
11101
27635
77288
94603
21229
23226
75261
93774
77249
10314
20067
64155
20522
80236
20244
95134
78299
98105
50307
97206
43216
19187
94134
84116
92113
70891
92176
20500
89439
87121
53794
85304
23471
92129
80933
21230
33675
20044
29604
23293
11207
29401
43201
19121
95135
95141
12261
90090
95125
28274
11412
67226
19139
80917
90272
90032
77259
90076
80281
11242
43610
20525
98141
37914
50319
10003
20251
23260
19130
91043
33614
49510
87187
10286
90801
91436
84113
63147
73117
95894
37201
20372
10026
20230
68164
85213
76121
68137
38175
80903
90899
45403
60622
55458
10178
78713
15218
78209
27114
11370
73172
11378
85051
20019
55402
74152
70179
30369
10032
48202
29260
90026
94286
53774
37206
90039
75215
77598
89129
20232
78202
46224
94102
38016
55408
77275
11368
44311
37213
33130
93730
78720
19170
20417
64118
29203
44303
64124
27690
80915
97230
12250
90402
78725
84132
98116
40018
50394
34986
73116
90050
93384
33646
33684
10020
11212
93761
38186
67260
80206
20002
95815
80931
11413
77093
87192
98112
53295
63107
32238
19255
33163
76201
27695
33124
74133
48231
12235
91612
64127
78241
44195
90069
40272
94132
46204
78291
53711
20270
64153
75394
37072
10310
10309
60633
77270
20427
50368
77051
60018
75262
38101
19128
91607
94294
32868
20009
18101
78717
20077
15244
45448
78226
43291
20069
23295
12244
10106
80209
78719
45226
78295
30363
45209
44181
32858
28290
27601
43206
98107
78285
50318
20515
97201
50313
80251
77254
78284
60624
30305
94172
21212
85079
40177
70893
70185
97212
10007
77029
74146
64190
77213
20420
53207
94124
20570
29415
14210
89146
33990
20578
38104
33664
91412
64149
23463
70119
37912
33647
11411
20076
28216
63112
38018
97291
33663
72211
28209
76244
32232
29616
32227
11418
89155
15274
77233
75392
85024
32246
77053
19161
77339
60654
43228
94161
78726
20090
10120
11374
12214
11361
20520
33111
14653
75398
75166
10030
64137
20524
11239
75043
77279
21217
75266
97251
20510
19125
10279
95106
60605
89131
11375
77059
94614
91605
44315
68124
11351
44114
98164
55479
53744
38119
63120
77056
48224
19123
30342
80212
33136
11355
14603
20189
55454
15211
37920
85062
30396
97283
90802
94159
89506
20410
64163
53293
77396
20401
78722
10175
20268
34278
11102
92104
12208
28228
84110
49516
63178
76036
90038
10466
10004
77057
17126
32887
77076
37901
27615
10305
10133
76140
10314
27110
94116
17130
77008
33617
92025
29608
85204
33234
31126
20013
32911
91328
70822
31156
20538
80252
97218
55486
73152
15220
46225
78214
77075
77041
28126
73194
76199
32222
49507
29609
64154
20531
32855
20552
53785
11427
20229
53201
91040
31145
73125
20037
19140
10468
75283
78232
20535
30327
19171
11249
11426
27152
63166
46219
30334
76109
77265
80946
20540
11369
77020
20409
20543
27614
38112
55409
64106
20045
11237
68118
43085
11413
20577
77244
77245
74193
77078
32808
90213
44197
80927
37230
95131
33631
80250
10472
75032
91411
94617
87105
20597
48214
75241
90813
15208
55401
21209
10025
93704
32885
77044
64145
94704
91042
60631
80257
64195
95127
11355
85731
10464
45479
14614
10021
73167
46268
80227
20071
85010
90003
20212
23235
11436
27602
14201
85310
11369
77067
73149
27676
64179
46275
75313
10280
60609
15259
72202
33601
80201
20330
14270
95103
20033
60699
31195
43697
90071
73118
90017
11101
64113
46291
20565
76150
80922
30343
11434
50940
76132
97205
70833
94252
20210
10460
38105
11229
33991
94278
31139
90810
85075
76207
38134
11357
19154
78109
11419
94143
10275
32802
20214
70124
70125
64156
33131
43614
33222
94232
78730
60655
10044
28242
68102
74182
14649
15217
37143
75229
76118
80906
11417
20414
11206
33114
20206
33630
73170
23455
21241
93792
33132
30307
11693
10308
20011
14642
91324
95157
43210
20012
48244
11433
85064
10169
48269
92563
11201
68175
11104
75224
90840
33199
12242
94661
50321
20227
94268
50340
73054
85030
34984
14639
45275
73150
78732
80935
95153
97219
45219
10277
73122
23241
89509
93728
45224
85032
14608
75233
20502
46282
85042
45423
75367
75358
78750
85206
91333
94282
50950
70806
45273
45405
63151
23458
11385
91403
78248
40223
20240
32829
40229
70146
21205
90068
77087
55413
23479
50302
29403
43251
20317
90804
95109
15201
10260
45999
37210
32856
10170
11372
23255
76166
68022
89127
77006
37939
93760
46237
78297
80951
37116
49523
20586
10472
90027
11234
50303
94279
70166
68109
19149
94297
78224
10125
78729
75220
98125
46214
45203
27199
46208
63109
84606
70131
87193
10021
70152
94114
67206
98144
15295
60689
50309
27668
30313
15212
95002
43221
70128
44106
98119
32233
64105
11499
32909
20437
94144
15214
74147
20431
64112
50369
77037
87120
20226
60620
73013
45220
73157
43207
80938
10038
95119
63115
75378
93721
77043
28224
68107
32812
19190
48216
53718
45412
28263
92513
70172
37916
20063
89117
11204
27106
77086
34234
60604
43607
27010
78265
15286
53791
49503
90053
32209
10060
76106
64198
75235
11102
91313
70894
11252
97293
53205
10165
20576
74153
56915
53221
27640
64161
85022
89125
21211
30355
72227
75389
15275
95156
70879
11379
10312
32877
85086
11216
44101
93790
38130
78217
84108
20439
78701
11364
20373
78266
33613
19173
45432
73173
74150
17122
29221
20062
40023
19182
20035
91371
77005
43232
73109
19127
77220
80204
75234
90082
95192
11377
92522
75303
38157
11360
92123
55418
19191
44396
30348
45254
90087
97282
98146
60660
80207
87107
73119
73111
20307
64162
73106
91342
53237
10307
23292
33125
93775
45482
37214
92105
78502
78268
77231
33242
27623
92169
78255
91364
75246
20219
49514
94604
50331
91395
50395
68132
28253
20572
92187
92127
20407
89163
70151
20005
77253
80230
91499
50316
10469
28227
21298
53705
64184
84409
91602
45237
55472
32822
29290
20423
93302
84603
37203
85002
48265
85201
74134
90080
91609
95139
33682
87108
78247
37997
67208
40241
85724
64180
11692
19133
68131
92126
34277
45268
80239
95154
10301
73162
78292
90007
90247
76177
78213
90008
23461
75380
95190
11360
80235
67214
17129
33915
32878
20001
11234
73114
74169
80904
43137
97213
94247
60601
45377
94204
77038
90846
94284
53708
30316
87113
76202
85008
46230
48212
11420
64134
76124
97203
19151
74155
70113
76147
90034
11210
11428
43004
50391
28207
10461
23224
10009
53789
37940
10005
20536
84128
85214
91345
90731
75372
70898
11237
48211
85306
73020
75390
32219
48228
95129
11005
77088
20506
44320
87102
53234
89149
92137
32216
11429
28278
85033
29457
74127
94623
11416
77282
28282
32869
44309
87198
37924
72216
19150
76112
45234
33687
28277
43054
43119
76196
14644
77227
93750
19196
78054
27607
91426
78283
91352
90094
10306
64170
87197
32801
93724
87116
33619
10121
63102
38193
60659
98133
15289
19119
78256
12288
19178
64126
78761
94104
11417
90012
10039
89557
28230
91614
84604
90010
63137
20557
92142
14214
90291
91041
37219
38126
17125
80918
85732
32905
73102
46260
95116
93389
75208
20444
74115
27116
10457
94522
44398
77010
94249
67217
90044
80914
91353
11431
76205
55459
76108
75219
14276
76133
11205
76192
85708
33245
94280
95824
98139
70164
50332
70117
92153
78206
10029
70159
33679
92149
46221
48223
20211
33233
94188
20055
75285
55414
67220
74120
46240
92170
70143
11235
70827
92521
73131
14607
15213
90294
98134
44191
19148
14280
44307
97238
32254
15207
85068
84408
78221
94140
78711
32214
78215
20061
60669
11214
90004
98103
31193
34239
32204
46205
93385
23289
60614
60649
33993
33164
78755
20530
77032
72231
67203
77062
46210
95831
44326
70142
85098
45470
84138
85275
77023
10087
11224
56901
11208
77267
33620
11230
74172
92193
80249
10304
11207
23460
37998
53219
29218
10130
90079
46217
48219
60664
70129
11422
32910
90046
92121
12202
37244
90028
32886
90013
60646
60652
45481
10173
98104
45401
75205
53725
20456
27626
33621
45227
53203
32834
29402
90732
11352
73012
70130
23462
12223
43227
77034
23291
92191
43660
89145
67201
68178
17124
94107
12260
32235
93764
77081
77273
85027
97280
76119
11223
33681
78296
29416
77210
78748
46296
17128
19197
90031
90029
90806
11245
95113
90075
32816
95851
11236
89133
84106
48221
11233
19116
75212
73108
14615
10465
10211
78245
85720
28288
11385
68101
29208
80225
95833
92160
93777
72203
48264
14606
80920
73121
27111
72204
10455
29230
32257
20406
30371
90502
95840
33269
63103
90501
28260
49555
30354
11381
73190
78756
93772
15233
85722
20237
40299
77257
23465
56920
89502
90045
31196
70127
56965
46250
10010
78749
28217
78739
37242
95158
28218
10043
78218
94267
11379
33607
43202
85063
73145
92173
78773
77030
33280
28206
95194
85017
23464
11210
50310
10116
11220
11439
90070
80910
46277
11428
20059
46239
38182
20266
30370
90072
75376
43279
32099
70112
43219
28236
60630
55488
14265
60606
46274
93312
20078
12229
80997
73064
68135
21290
29292
19108
55484
38115
38131
53206
77256
80942
60686
85014
43235
68106
20547
78238
44302
76191
28234
28208
11377
94147
77026
14220
95118
15203
11363
64053
75397
12240
10016
50361
85702
92138
80247
85038
84199
53215
55485
95838
77035
77336
43214
20216
70815
11372
80123
80290
10013
27103
76008
15276
21270
20404
30368
11380
11216
10268
19093
33909
87112
20579
14643
94254
64157
78229
87153
53792
91326
72210
53210
90815
70158
44128
11386
34952
12201
19185
48213
90036
93720
10171
21231
23450
15270
33134
78231
10114
43661
49515
94619
14650
28220
46231
11103
10152
77090
77218
77021
60607
77216
90041
68114
43681
10459
30304
60625
92502
32221
89128
11378
11426
90023
68130
97229
11215
44306
10272
84190
80203
90807
14204
97258
68144
10302
63169
87131
94207
11235
95193
20306
45229
85034
20318
33672
89599
55407
20340
27636
77065
31192
28270
94273
80944
67277
20503
11251
60613
45298
74158
38141
60687
91408
20507
72207
85050
14619
94146
92514
10008
87191
92071
85706
63104
91306
77251
20375
97215
10027
20208
90748
37923
28235
76122
28266
30361
37202
70821
20411
67215
75217
33195
78753
30312
87154
55440
33247
45437
28265
93306
11692
94236
75250
91343
10081
98115
93314
85754
55478
90037
70804
15267
60642
60656
97208
37011
85730
11418
37076
75223
53220
85721
14233
10185
84605
77096
37207
10126
20436
14240
60626
78727
60639
44108
67235
29417
95812
63163
63113
85037
92199
33283
10179
10270
10029
29425
43659
78652
75248
95130
19192
78764
20201
32206
92158
32231
20245
60106
10017
80934
77293
10303
64109
49506
10451
85274
43229
10474
30306
44193
70809
78501
60603
98117
94205
10007
68172
85775
37246
64119
70156
38111
