10154
63102
29221
38141
17101
76150
17128
11364
78704
32220
28217
10166
32258
92114
45202
89137
73184
78231
78227
38150
64168
92142
75360
11224
90801
38137
92115
40059
10475
76179
80123
14644
89124
94280
29215
53792
10301
77081
92107
95148
93721
64118
45220
10129
20222
46217
33607
34986
12248
70151
20588
46244
94256
11435
93704
20037
28263
21209
10021
73164
38163
73128
60674
20075
27198
93772
78739
55474
10302
77008
10017
63115
68127
70122
76198
20066
92508
32887
20566
45414
94124
44310
46226
90744
27668
12236
89504
49516
75371
55460
77026
10276
98141
30301
85353
90294
63107
95831
32223
80995
28227
33238
23451
27611
20423
90071
44301
92191
32233
17127
97202
70179
19116
44320
94520
33127
60675
77032
91371
94519
85070
55485
45448
20043
77222
33650
94235
12246
32211
60618
55408
15205
30385
77275
97296
85012
87119
73173
20015
85086
60632
80290
37209
37215
43620
64184
23291
29202
93778
10116
10030
21273
21279
85011
45217
10018
10011
29610
89180
78717
77236
37236
77011
94527
76115
92104
32246
78723
11238
63197
10178
78715
53203
50336
85001
53717
29606
92173
68132
20547
10259
85009
46183
94142
90009
45224
77074
73143
70139
30304
14653
19092
43657
15257
14272
19142
21213
12235
20189
80221
85716
43216
50330
11005
32908
45490
85010
77238
37544
74112
85730
33606
33138
70118
33993
10027
43260
27155
37229
75303
70115
20541
55402
64126
10467
77078
78744
94125
97204
30308
32236
94282
76127
77254
89507
10212
15221
44372
46230
89106
90833
68139
53234
77099
94172
75221
55459
10464
72212
78709
10174
73157
74135
12229
76185
70807
10007
73132
11358
28290
20511
37210
78753
40211
38166
77277
64128
94277
77086
15216
94289
30368
15224
78720
72205
92025
20268
90008
72231
20575
90088
63151
45403
12206
63111
20437
27117
53224
92103
11380
56945
85277
27697
94143
95133
53715
77033
29219
92187
75230
32245
77007
28130
10087
94118
84110
94232
40216
46229
33131
11375
20401
87191
12204
80250
33914
53215
94244
76109
90069
23461
95124
89155
38157
11216
90057
20227
17120
77090
20239
80944
89503
87195
87176
14208
77253
43110
91353
30313
77022
10081
29614
80203
11232
85206
91305
11203
91495
11215
93792
90048
17129
10101
14639
45209
91337
95172
55467
32202
90731
80273
64163
20044
90710
10273
75312
10213
76131
28105
75359
11101
38101
70837
10260
95139
11381
50308
33630
94294
94144
68118
63118
10466
33682
44302
64161
20212
77088
48239
27010
63112
39901
20404
40177
20033
15274
77271
14646
11233
89138
29204
15275
19181
67202
38108
73140
14218
33677
60623
12250
10104
46262
76104
77038
55479
80937
10173
64167
93314
90853
93311
73104
63169
10029
93750
77006
91324
12223
85035
11206
29240
33128
78505
77287
33242
80905
11692
92160
89128
15267
78652
50950
21241
94267
27127
44317
10111
46277
34237
40214
85071
50368
64164
11239
43224
98191
53274
77051
10038
90814
60610
95154
29210
92166
75223
28287
94278
43268
30311
90021
29203
33153
44198
20019
75357
64196
43605
37914
80247
29220
76134
94299
92126
75233
43203
23289
90020
73049
80249
94613
29602
85087
60636
89505
28288
78228
70166
92182
90041
38104
10021
10030
43606
48219
95134
77063
98117
43623
15278
19154
77274
11219
20244
11221
94130
15252
14273
49514
33689
20527
56965
20230
19114
14269
11120
10301
98161
29415
10022
70184
70178
48244
10164
70126
67213
90043
38107
20250
80220
78756
18109
48267
11355
95196
98112
33265
74150
14643
89144
32807
95120
91614
77396
94207
38168
64123
27116
70831
45212
45258
77069
53704
20508
10314
28219
85029
77449
92522
10474
19118
11249
64190
48208
11374
28235
93777
30302
70874
46221
38175
10311
15214
15281
78727
11223
28281
10041
33199
23456
94126
92131
78299
78260
11105
95116
30303
75209
90815
78268
72207
10065
44115
10008
95115
77255
23459
89557
60603
78258
53744
45277
75326
78259
33261
74104
90099
27607
92514
30342
68110
77089
29416
95159
80208
74103
89533
77054
89134
10016
29457
38134
91327
89149
10307
20241
94269
20544
11693
43666
80920
85711
64132
10175
53290
77080
20219
12249
14608
60616
11235
45475
19147
89143
77237
27616
28284
72217
27609
50393
75228
27614
46250
14617
74130
20013
90094
15268
20049
90014
20226
91423
11429
77280
45264
60694
11210
20306
98170
89129
33136
46259
11414
11385
23269
90899
12233
92116
75234
29290
38122
73153
46207
60614
90844
94298
12209
73196
48235
72209
10177
43213
48214
29601
91410
56908
17126
10458
19197
85745
85037
43016
85020
94123
95170
78023
74136
10468
75238
33646
29607
73146
20007
45482
73190
11220
78766
10473
76155
74157
63166
20433
73099
60639
37203
27675
30378
77489
75266
12227
84113
84602
45226
48205
49560
94177
28222
38117
93306
68107
17125
85724
20441
40027
93727
10461
78219
70898
28209
84601
60637
87125
21278
28280
94271
12226
11208
11417
32822
97205
94145
10303
46249
75313
94147
70161
14215
74193
28205
76108
53725
87111
85748
60626
53219
46205
11415
27650
29612
20318
49503
45233
11366
45401
44312
28229
43211
77001
